const int chicken_Height = 64; 
const int chicken_Width = 63; 
#pragma region CHICKEN_DRAW 
const int chicken_ARRY [64][63] = { 

{ 99, 99, 99, 99, 99, 99, 99, 99, 0, 0, 0, 0, 0, 0, 0, 0, 0, 0, 0, 0, 0, 0, 0, 0, 0, 0, 0, 0, 99, 99, 99, 99, 99, 99, 99, 99, 99, 99, 99, 99, 99, 99, 99, 99, 99, 99, 99, 99, 99, 99, 99, 99, 99, 99, 99, 99, 99, 99, 99, 99, 99, 99, 99},
{ 99, 99, 99, 99, 99, 99, 99, 99, 0, 0, 0, 0, 0, 0, 0, 0, 0, 0, 0, 0, 0, 0, 0, 0, 0, 0, 0, 0, 99, 99, 99, 99, 99, 99, 99, 99, 99, 99, 99, 99, 99, 99, 99, 99, 99, 99, 99, 99, 99, 99, 99, 99, 99, 99, 99, 99, 99, 99, 99, 99, 99, 99, 99},
{ 99, 99, 99, 99, 99, 99, 99, 99, 0, 0, 0, 0, 0, 0, 0, 0, 0, 0, 0, 0, 0, 0, 0, 0, 0, 0, 0, 0, 99, 99, 99, 99, 99, 99, 99, 99, 99, 99, 99, 99, 99, 99, 99, 99, 99, 99, 99, 99, 99, 99, 99, 99, 99, 99, 99, 99, 99, 99, 99, 99, 99, 99, 99},
{ 99, 99, 99, 99, 99, 99, 99, 99, 0, 0, 0, 0, 0, 0, 0, 0, 0, 0, 0, 0, 0, 0, 0, 0, 0, 0, 0, 0, 99, 99, 99, 99, 99, 99, 99, 99, 99, 99, 99, 99, 99, 99, 99, 99, 99, 99, 99, 99, 99, 99, 99, 99, 99, 99, 99, 99, 99, 99, 99, 99, 99, 99, 99},
{ 99, 99, 99, 99, 0, 0, 0, 0, 0, 0, 0, 0, 4, 4, 4, 4, 4, 4, 4, 4, 4, 4, 4, 4, 0, 0, 0, 0, 0, 0, 0, 0, 0, 0, 0, 0, 0, 0, 0, 0, 0, 0, 0, 0, 99, 99, 99, 99, 99, 99, 99, 99, 99, 99, 99, 99, 99, 99, 99, 99, 99, 99, 99},
{ 99, 99, 99, 99, 0, 0, 0, 0, 0, 0, 0, 0, 4, 4, 4, 4, 4, 4, 4, 4, 4, 4, 4, 4, 0, 0, 0, 0, 0, 0, 0, 0, 0, 0, 0, 0, 0, 0, 0, 0, 0, 0, 0, 0, 99, 99, 99, 99, 99, 99, 99, 99, 99, 99, 99, 99, 99, 99, 99, 99, 99, 99, 99},
{ 99, 99, 99, 99, 0, 0, 0, 0, 0, 0, 0, 0, 4, 4, 4, 4, 4, 4, 4, 4, 4, 4, 4, 4, 0, 0, 0, 0, 0, 0, 0, 0, 0, 0, 0, 0, 0, 0, 0, 0, 0, 0, 0, 0, 99, 99, 99, 99, 99, 99, 99, 99, 99, 99, 99, 99, 99, 99, 99, 99, 99, 99, 99},
{ 99, 99, 99, 99, 0, 0, 0, 0, 0, 0, 0, 0, 4, 4, 4, 4, 4, 4, 4, 4, 4, 4, 4, 4, 0, 0, 0, 0, 0, 0, 0, 0, 0, 0, 0, 0, 0, 0, 0, 0, 0, 0, 0, 0, 99, 99, 99, 99, 99, 99, 99, 99, 99, 99, 99, 99, 99, 99, 99, 99, 99, 99, 99},
{ 99, 99, 99, 99, 0, 0, 0, 0, 4, 4, 4, 4, 4, 4, 4, 4, 0, 0, 0, 0, 0, 0, 0, 0, 0, 0, 0, 0, 7, 7, 7, 7, 7, 7, 7, 7, 7, 7, 7, 7, 0, 0, 0, 0, 0, 0, 0, 0, 0, 0, 0, 0, 0, 0, 0, 0, 99, 99, 99, 99, 99, 99, 99},
{ 99, 99, 99, 99, 0, 0, 0, 0, 4, 4, 4, 4, 4, 4, 4, 4, 0, 0, 0, 0, 0, 0, 0, 0, 0, 0, 0, 0, 7, 7, 7, 7, 7, 7, 7, 7, 7, 7, 7, 7, 0, 0, 0, 0, 0, 0, 0, 0, 0, 0, 0, 0, 0, 0, 0, 0, 99, 99, 99, 99, 99, 99, 99},
{ 99, 99, 99, 99, 0, 0, 0, 0, 4, 4, 4, 4, 4, 4, 4, 4, 0, 0, 0, 0, 0, 0, 0, 0, 0, 0, 0, 0, 7, 7, 7, 7, 7, 7, 7, 7, 7, 7, 7, 7, 0, 0, 0, 0, 0, 0, 0, 0, 0, 0, 0, 0, 0, 0, 0, 0, 99, 99, 99, 99, 99, 99, 99},
{ 99, 99, 99, 99, 0, 0, 0, 0, 4, 4, 4, 4, 4, 4, 4, 4, 0, 0, 0, 0, 0, 0, 0, 0, 0, 0, 0, 0, 7, 7, 7, 7, 7, 7, 7, 7, 7, 7, 7, 7, 0, 0, 0, 0, 0, 0, 0, 0, 0, 0, 0, 0, 0, 0, 0, 0, 99, 99, 99, 99, 99, 99, 99},
{ 99, 99, 99, 99, 0, 0, 0, 0, 4, 4, 4, 4, 0, 0, 0, 0, 15, 15, 15, 15, 7, 7, 7, 7, 7, 7, 7, 7, 0, 0, 0, 0, 7, 7, 7, 7, 0, 0, 0, 0, 0, 0, 0, 0, 15, 15, 15, 15, 15, 15, 15, 15, 0, 0, 0, 0, 99, 99, 99, 99, 99, 99, 99},
{ 99, 99, 99, 99, 0, 0, 0, 0, 4, 4, 4, 4, 0, 0, 0, 0, 15, 15, 15, 15, 7, 7, 7, 7, 7, 7, 7, 7, 0, 0, 0, 0, 7, 7, 7, 7, 0, 0, 0, 0, 0, 0, 0, 0, 15, 15, 15, 15, 15, 15, 15, 15, 0, 0, 0, 0, 99, 99, 99, 99, 99, 99, 99},
{ 99, 99, 99, 99, 0, 0, 0, 0, 4, 4, 4, 4, 0, 0, 0, 0, 15, 15, 15, 15, 7, 7, 7, 7, 7, 7, 7, 7, 0, 0, 0, 0, 7, 7, 7, 7, 0, 0, 0, 0, 0, 0, 0, 0, 15, 15, 15, 15, 15, 15, 15, 15, 0, 0, 0, 0, 99, 99, 99, 99, 99, 99, 99},
{ 99, 99, 99, 99, 0, 0, 0, 0, 4, 4, 4, 4, 0, 0, 0, 0, 15, 15, 15, 15, 7, 7, 7, 7, 7, 7, 7, 7, 0, 0, 0, 0, 7, 7, 7, 7, 0, 0, 0, 0, 0, 0, 0, 0, 15, 15, 15, 15, 15, 15, 15, 15, 0, 0, 0, 0, 99, 99, 99, 99, 99, 99, 99},
{ 99, 99, 99, 99, 0, 0, 0, 0, 0, 0, 0, 0, 15, 15, 15, 15, 15, 15, 15, 15, 15, 15, 15, 15, 7, 7, 7, 7, 7, 7, 7, 7, 0, 0, 0, 0, 0, 0, 0, 0, 15, 15, 15, 15, 15, 15, 15, 15, 15, 15, 15, 15, 0, 0, 0, 0, 99, 99, 99, 99, 99, 99, 99},
{ 99, 99, 99, 99, 0, 0, 0, 0, 0, 0, 0, 0, 15, 15, 15, 15, 15, 15, 15, 15, 15, 15, 15, 15, 7, 7, 7, 7, 7, 7, 7, 7, 0, 0, 0, 0, 0, 0, 0, 0, 15, 15, 15, 15, 15, 15, 15, 15, 15, 15, 15, 15, 0, 0, 0, 0, 99, 99, 99, 99, 99, 99, 99},
{ 99, 99, 99, 99, 0, 0, 0, 0, 0, 0, 0, 0, 15, 15, 15, 15, 15, 15, 15, 15, 15, 15, 15, 15, 7, 7, 7, 7, 7, 7, 7, 7, 0, 0, 0, 0, 0, 0, 0, 0, 15, 15, 15, 15, 15, 15, 15, 15, 15, 15, 15, 15, 0, 0, 0, 0, 99, 99, 99, 99, 99, 99, 99},
{ 99, 99, 99, 99, 0, 0, 0, 0, 0, 0, 0, 0, 15, 15, 15, 15, 15, 15, 15, 15, 15, 15, 15, 15, 7, 7, 7, 7, 7, 7, 7, 7, 0, 0, 0, 0, 0, 0, 0, 0, 15, 15, 15, 15, 15, 15, 15, 15, 15, 15, 15, 15, 0, 0, 0, 0, 99, 99, 99, 99, 99, 99, 99},
{ 99, 99, 99, 99, 0, 0, 0, 0, 15, 15, 15, 15, 15, 15, 15, 15, 15, 15, 15, 15, 0, 0, 0, 0, 15, 15, 15, 15, 7, 7, 7, 7, 0, 0, 0, 0, 15, 15, 15, 15, 15, 15, 15, 15, 7, 7, 7, 7, 7, 7, 7, 7, 0, 0, 0, 0, 0, 0, 0, 0, 99, 99, 99},
{ 99, 99, 99, 99, 0, 0, 0, 0, 15, 15, 15, 15, 15, 15, 15, 15, 15, 15, 15, 15, 0, 0, 0, 0, 15, 15, 15, 15, 7, 7, 7, 7, 0, 0, 0, 0, 15, 15, 15, 15, 15, 15, 15, 15, 7, 7, 7, 7, 7, 7, 7, 7, 0, 0, 0, 0, 0, 0, 0, 0, 99, 99, 99},
{ 99, 99, 99, 99, 0, 0, 0, 0, 15, 15, 15, 15, 15, 15, 15, 15, 15, 15, 15, 15, 0, 0, 0, 0, 15, 15, 15, 15, 7, 7, 7, 7, 0, 0, 0, 0, 15, 15, 15, 15, 15, 15, 15, 15, 7, 7, 7, 7, 7, 7, 7, 7, 0, 0, 0, 0, 0, 0, 0, 0, 99, 99, 99},
{ 99, 99, 99, 99, 0, 0, 0, 0, 15, 15, 15, 15, 15, 15, 15, 15, 15, 15, 15, 15, 0, 0, 0, 0, 15, 15, 15, 15, 7, 7, 7, 7, 0, 0, 0, 0, 15, 15, 15, 15, 15, 15, 15, 15, 7, 7, 7, 7, 7, 7, 7, 7, 0, 0, 0, 0, 0, 0, 0, 0, 99, 99, 99},
{ 99, 99, 99, 99, 0, 0, 0, 0, 0, 0, 0, 0, 0, 0, 0, 0, 15, 15, 15, 15, 0, 0, 0, 0, 15, 15, 15, 15, 7, 7, 7, 7, 15, 15, 15, 15, 15, 15, 15, 15, 7, 7, 7, 7, 7, 7, 7, 7, 0, 0, 0, 0, 15, 15, 15, 15, 0, 0, 0, 0, 99, 99, 99},
{ 99, 99, 99, 99, 0, 0, 0, 0, 0, 0, 0, 0, 0, 0, 0, 0, 15, 15, 15, 15, 0, 0, 0, 0, 15, 15, 15, 15, 7, 7, 7, 7, 15, 15, 15, 15, 15, 15, 15, 15, 7, 7, 7, 7, 7, 7, 7, 7, 0, 0, 0, 0, 15, 15, 15, 15, 0, 0, 0, 0, 99, 99, 99},
{ 99, 99, 99, 99, 0, 0, 0, 0, 0, 0, 0, 0, 0, 0, 0, 0, 15, 15, 15, 15, 0, 0, 0, 0, 15, 15, 15, 15, 7, 7, 7, 7, 15, 15, 15, 15, 15, 15, 15, 15, 7, 7, 7, 7, 7, 7, 7, 7, 0, 0, 0, 0, 15, 15, 15, 15, 0, 0, 0, 0, 99, 99, 99},
{ 99, 99, 99, 99, 0, 0, 0, 0, 0, 0, 0, 0, 0, 0, 0, 0, 15, 15, 15, 15, 0, 0, 0, 0, 15, 15, 15, 15, 7, 7, 7, 7, 15, 15, 15, 15, 15, 15, 15, 15, 7, 7, 7, 7, 7, 7, 7, 7, 0, 0, 0, 0, 15, 15, 15, 15, 0, 0, 0, 0, 99, 99, 99},
{ 0, 0, 0, 0, 0, 0, 0, 0, 14, 14, 14, 14, 14, 14, 14, 14, 0, 0, 0, 0, 15, 15, 15, 15, 15, 15, 15, 15, 15, 15, 15, 15, 15, 15, 15, 15, 7, 7, 7, 7, 0, 0, 0, 0, 0, 0, 0, 0, 15, 15, 15, 15, 7, 7, 7, 7, 0, 0, 0, 0, 99, 99, 99},
{ 0, 0, 0, 0, 0, 0, 0, 0, 14, 14, 14, 14, 14, 14, 14, 14, 0, 0, 0, 0, 15, 15, 15, 15, 15, 15, 15, 15, 15, 15, 15, 15, 15, 15, 15, 15, 7, 7, 7, 7, 0, 0, 0, 0, 0, 0, 0, 0, 15, 15, 15, 15, 7, 7, 7, 7, 0, 0, 0, 0, 99, 99, 99},
{ 0, 0, 0, 0, 0, 0, 0, 0, 14, 14, 14, 14, 14, 14, 14, 14, 0, 0, 0, 0, 15, 15, 15, 15, 15, 15, 15, 15, 15, 15, 15, 15, 15, 15, 15, 15, 7, 7, 7, 7, 0, 0, 0, 0, 0, 0, 0, 0, 15, 15, 15, 15, 7, 7, 7, 7, 0, 0, 0, 0, 99, 99, 99},
{ 0, 0, 0, 0, 0, 0, 0, 0, 14, 14, 14, 14, 14, 14, 14, 14, 0, 0, 0, 0, 15, 15, 15, 15, 15, 15, 15, 15, 15, 15, 15, 15, 15, 15, 15, 15, 7, 7, 7, 7, 0, 0, 0, 0, 0, 0, 0, 0, 15, 15, 15, 15, 7, 7, 7, 7, 0, 0, 0, 0, 99, 99, 99},
{ 0, 0, 0, 0, 14, 14, 14, 14, 14, 14, 14, 14, 0, 0, 0, 0, 7, 7, 7, 7, 15, 15, 15, 15, 15, 15, 15, 15, 15, 15, 15, 15, 7, 7, 7, 7, 15, 15, 15, 15, 15, 15, 15, 15, 15, 15, 15, 15, 15, 15, 15, 15, 7, 7, 7, 7, 0, 0, 0, 0, 99, 99, 99},
{ 0, 0, 0, 0, 14, 14, 14, 14, 14, 14, 14, 14, 0, 0, 0, 0, 7, 7, 7, 7, 15, 15, 15, 15, 15, 15, 15, 15, 15, 15, 15, 15, 7, 7, 7, 7, 15, 15, 15, 15, 15, 15, 15, 15, 15, 15, 15, 15, 15, 15, 15, 15, 7, 7, 7, 7, 0, 0, 0, 0, 99, 99, 99},
{ 0, 0, 0, 0, 14, 14, 14, 14, 14, 14, 14, 14, 0, 0, 0, 0, 7, 7, 7, 7, 15, 15, 15, 15, 15, 15, 15, 15, 15, 15, 15, 15, 7, 7, 7, 7, 15, 15, 15, 15, 15, 15, 15, 15, 15, 15, 15, 15, 15, 15, 15, 15, 7, 7, 7, 7, 0, 0, 0, 0, 99, 99, 99},
{ 0, 0, 0, 0, 14, 14, 14, 14, 14, 14, 14, 14, 0, 0, 0, 0, 7, 7, 7, 7, 15, 15, 15, 15, 15, 15, 15, 15, 15, 15, 15, 15, 7, 7, 7, 7, 15, 15, 15, 15, 15, 15, 15, 15, 15, 15, 15, 15, 15, 15, 15, 15, 7, 7, 7, 7, 0, 0, 0, 0, 99, 99, 99},
{ 0, 0, 0, 0, 0, 0, 0, 0, 0, 0, 0, 0, 4, 4, 4, 4, 0, 0, 0, 0, 7, 7, 7, 7, 15, 15, 15, 15, 15, 15, 15, 15, 0, 0, 0, 0, 7, 7, 7, 7, 15, 15, 15, 15, 15, 15, 15, 15, 7, 7, 7, 7, 0, 0, 0, 0, 0, 0, 0, 0, 99, 99, 99},
{ 0, 0, 0, 0, 0, 0, 0, 0, 0, 0, 0, 0, 4, 4, 4, 4, 0, 0, 0, 0, 7, 7, 7, 7, 15, 15, 15, 15, 15, 15, 15, 15, 0, 0, 0, 0, 7, 7, 7, 7, 15, 15, 15, 15, 15, 15, 15, 15, 7, 7, 7, 7, 0, 0, 0, 0, 0, 0, 0, 0, 99, 99, 99},
{ 0, 0, 0, 0, 0, 0, 0, 0, 0, 0, 0, 0, 4, 4, 4, 4, 0, 0, 0, 0, 7, 7, 7, 7, 15, 15, 15, 15, 15, 15, 15, 15, 0, 0, 0, 0, 7, 7, 7, 7, 15, 15, 15, 15, 15, 15, 15, 15, 7, 7, 7, 7, 0, 0, 0, 0, 0, 0, 0, 0, 99, 99, 99},
{ 0, 0, 0, 0, 0, 0, 0, 0, 0, 0, 0, 0, 4, 4, 4, 4, 0, 0, 0, 0, 7, 7, 7, 7, 15, 15, 15, 15, 15, 15, 15, 15, 0, 0, 0, 0, 7, 7, 7, 7, 15, 15, 15, 15, 15, 15, 15, 15, 7, 7, 7, 7, 0, 0, 0, 0, 0, 0, 0, 0, 99, 99, 99},
{ 0, 0, 0, 0, 0, 0, 0, 0, 4, 4, 4, 4, 4, 4, 4, 4, 0, 0, 0, 0, 7, 7, 7, 7, 15, 15, 15, 15, 15, 15, 15, 15, 15, 15, 15, 15, 0, 0, 0, 0, 15, 15, 15, 15, 7, 7, 7, 7, 0, 0, 0, 0, 7, 7, 7, 7, 0, 0, 0, 0, 99, 99, 99},
{ 0, 0, 0, 0, 0, 0, 0, 0, 4, 4, 4, 4, 4, 4, 4, 4, 0, 0, 0, 0, 7, 7, 7, 7, 15, 15, 15, 15, 15, 15, 15, 15, 15, 15, 15, 15, 0, 0, 0, 0, 15, 15, 15, 15, 7, 7, 7, 7, 0, 0, 0, 0, 7, 7, 7, 7, 0, 0, 0, 0, 99, 99, 99},
{ 0, 0, 0, 0, 0, 0, 0, 0, 4, 4, 4, 4, 4, 4, 4, 4, 0, 0, 0, 0, 7, 7, 7, 7, 15, 15, 15, 15, 15, 15, 15, 15, 15, 15, 15, 15, 0, 0, 0, 0, 15, 15, 15, 15, 7, 7, 7, 7, 0, 0, 0, 0, 7, 7, 7, 7, 0, 0, 0, 0, 99, 99, 99},
{ 0, 0, 0, 0, 0, 0, 0, 0, 4, 4, 4, 4, 4, 4, 4, 4, 0, 0, 0, 0, 7, 7, 7, 7, 15, 15, 15, 15, 15, 15, 15, 15, 15, 15, 15, 15, 0, 0, 0, 0, 15, 15, 15, 15, 7, 7, 7, 7, 0, 0, 0, 0, 7, 7, 7, 7, 0, 0, 0, 0, 99, 99, 99},
{ 99, 99, 99, 99, 99, 99, 99, 99, 0, 0, 0, 0, 0, 0, 0, 0, 7, 7, 7, 7, 7, 7, 7, 7, 7, 7, 7, 7, 15, 15, 15, 15, 15, 15, 15, 15, 0, 0, 0, 0, 7, 7, 7, 7, 7, 7, 7, 7, 7, 7, 7, 7, 0, 0, 0, 0, 0, 0, 0, 0, 99, 99, 99},
{ 99, 99, 99, 99, 99, 99, 99, 99, 0, 0, 0, 0, 0, 0, 0, 0, 7, 7, 7, 7, 7, 7, 7, 7, 7, 7, 7, 7, 15, 15, 15, 15, 15, 15, 15, 15, 0, 0, 0, 0, 7, 7, 7, 7, 7, 7, 7, 7, 7, 7, 7, 7, 0, 0, 0, 0, 0, 0, 0, 0, 99, 99, 99},
{ 99, 99, 99, 99, 99, 99, 99, 99, 0, 0, 0, 0, 0, 0, 0, 0, 7, 7, 7, 7, 7, 7, 7, 7, 7, 7, 7, 7, 15, 15, 15, 15, 15, 15, 15, 15, 0, 0, 0, 0, 7, 7, 7, 7, 7, 7, 7, 7, 7, 7, 7, 7, 0, 0, 0, 0, 0, 0, 0, 0, 99, 99, 99},
{ 99, 99, 99, 99, 99, 99, 99, 99, 0, 0, 0, 0, 0, 0, 0, 0, 7, 7, 7, 7, 7, 7, 7, 7, 7, 7, 7, 7, 15, 15, 15, 15, 15, 15, 15, 15, 0, 0, 0, 0, 7, 7, 7, 7, 7, 7, 7, 7, 7, 7, 7, 7, 0, 0, 0, 0, 0, 0, 0, 0, 99, 99, 99},
{ 99, 99, 99, 99, 99, 99, 99, 99, 99, 99, 99, 99, 0, 0, 0, 0, 7, 7, 7, 7, 7, 7, 7, 7, 7, 7, 7, 7, 15, 15, 15, 15, 0, 0, 0, 0, 14, 14, 14, 14, 0, 0, 0, 0, 0, 0, 0, 0, 7, 7, 7, 7, 0, 0, 0, 0, 99, 99, 99, 99, 99, 99, 99},
{ 99, 99, 99, 99, 99, 99, 99, 99, 99, 99, 99, 99, 0, 0, 0, 0, 7, 7, 7, 7, 7, 7, 7, 7, 7, 7, 7, 7, 15, 15, 15, 15, 0, 0, 0, 0, 14, 14, 14, 14, 0, 0, 0, 0, 0, 0, 0, 0, 7, 7, 7, 7, 0, 0, 0, 0, 99, 99, 99, 99, 99, 99, 99},
{ 99, 99, 99, 99, 99, 99, 99, 99, 99, 99, 99, 99, 0, 0, 0, 0, 7, 7, 7, 7, 7, 7, 7, 7, 7, 7, 7, 7, 15, 15, 15, 15, 0, 0, 0, 0, 14, 14, 14, 14, 0, 0, 0, 0, 0, 0, 0, 0, 7, 7, 7, 7, 0, 0, 0, 0, 99, 99, 99, 99, 99, 99, 99},
{ 99, 99, 99, 99, 99, 99, 99, 99, 99, 99, 99, 99, 0, 0, 0, 0, 7, 7, 7, 7, 7, 7, 7, 7, 7, 7, 7, 7, 15, 15, 15, 15, 0, 0, 0, 0, 14, 14, 14, 14, 0, 0, 0, 0, 0, 0, 0, 0, 7, 7, 7, 7, 0, 0, 0, 0, 99, 99, 99, 99, 99, 99, 99},
{ 99, 99, 99, 99, 99, 99, 99, 99, 99, 99, 99, 99, 0, 0, 0, 0, 0, 0, 0, 0, 0, 0, 0, 0, 7, 7, 7, 7, 7, 7, 7, 7, 0, 0, 0, 0, 14, 14, 14, 14, 14, 14, 14, 14, 14, 14, 14, 14, 0, 0, 0, 0, 0, 0, 0, 0, 99, 99, 99, 99, 99, 99, 99},
{ 99, 99, 99, 99, 99, 99, 99, 99, 99, 99, 99, 99, 0, 0, 0, 0, 0, 0, 0, 0, 0, 0, 0, 0, 7, 7, 7, 7, 7, 7, 7, 7, 0, 0, 0, 0, 14, 14, 14, 14, 14, 14, 14, 14, 14, 14, 14, 14, 0, 0, 0, 0, 0, 0, 0, 0, 99, 99, 99, 99, 99, 99, 99},
{ 99, 99, 99, 99, 99, 99, 99, 99, 99, 99, 99, 99, 0, 0, 0, 0, 0, 0, 0, 0, 0, 0, 0, 0, 7, 7, 7, 7, 7, 7, 7, 7, 0, 0, 0, 0, 14, 14, 14, 14, 14, 14, 14, 14, 14, 14, 14, 14, 0, 0, 0, 0, 0, 0, 0, 0, 99, 99, 99, 99, 99, 99, 99},
{ 99, 99, 99, 99, 99, 99, 99, 99, 99, 99, 99, 99, 99, 0, 0, 0, 0, 0, 0, 0, 0, 0, 0, 0, 7, 7, 7, 7, 7, 7, 7, 7, 0, 0, 0, 0, 14, 14, 14, 14, 14, 14, 14, 14, 14, 14, 14, 14, 0, 0, 0, 0, 0, 0, 0, 0, 99, 99, 99, 99, 99, 99, 99},
{ 99, 99, 99, 99, 99, 99, 99, 99, 99, 99, 99, 99, 99, 99, 99, 99, 99, 99, 99, 99, 0, 0, 0, 0, 0, 0, 0, 0, 0, 0, 0, 0, 14, 14, 14, 14, 14, 14, 14, 14, 14, 14, 14, 14, 0, 0, 0, 0, 0, 0, 0, 0, 99, 99, 99, 99, 99, 99, 99, 99, 99, 99, 99},
{ 99, 99, 99, 99, 99, 99, 99, 99, 99, 99, 99, 99, 99, 99, 99, 99, 99, 99, 99, 99, 0, 0, 0, 0, 0, 0, 0, 0, 0, 0, 0, 0, 14, 14, 14, 14, 14, 14, 14, 14, 14, 14, 14, 14, 0, 0, 0, 0, 0, 0, 0, 0, 99, 99, 99, 99, 99, 99, 99, 99, 99, 99, 99},
{ 99, 99, 99, 99, 99, 99, 99, 99, 99, 99, 99, 99, 99, 99, 99, 99, 99, 99, 99, 99, 0, 0, 0, 0, 0, 0, 0, 0, 0, 0, 0, 0, 14, 14, 14, 14, 14, 14, 14, 14, 14, 14, 14, 14, 0, 0, 0, 0, 0, 0, 0, 0, 99, 99, 99, 99, 99, 99, 99, 99, 99, 99, 99},
{ 99, 99, 99, 99, 99, 99, 99, 99, 99, 99, 99, 99, 99, 99, 99, 99, 99, 99, 99, 99, 0, 0, 0, 0, 0, 0, 0, 0, 0, 0, 0, 0, 14, 14, 14, 14, 14, 14, 14, 14, 14, 14, 14, 14, 0, 0, 0, 0, 0, 0, 0, 0, 99, 99, 99, 99, 99, 99, 99, 99, 99, 99, 99},
{ 99, 99, 99, 99, 99, 99, 99, 99, 99, 99, 99, 99, 99, 99, 99, 99, 99, 99, 99, 99, 99, 99, 99, 99, 99, 99, 99, 99, 0, 0, 0, 0, 0, 0, 0, 0, 0, 0, 0, 0, 0, 0, 0, 0, 0, 0, 0, 0, 99, 99, 99, 99, 99, 99, 99, 99, 99, 99, 99, 99, 99, 99, 99},
{ 99, 99, 99, 99, 99, 99, 99, 99, 99, 99, 99, 99, 99, 99, 99, 99, 99, 99, 99, 99, 99, 99, 99, 99, 99, 99, 99, 99, 0, 0, 0, 0, 0, 0, 0, 0, 0, 0, 0, 0, 0, 0, 0, 0, 0, 0, 0, 0, 99, 99, 99, 99, 99, 99, 99, 99, 99, 99, 99, 99, 99, 99, 99},
{ 99, 99, 99, 99, 99, 99, 99, 99, 99, 99, 99, 99, 99, 99, 99, 99, 99, 99, 99, 99, 99, 99, 99, 99, 99, 99, 99, 99, 0, 0, 0, 0, 0, 0, 0, 0, 0, 0, 0, 0, 0, 0, 0, 0, 0, 0, 0, 0, 99, 99, 99, 99, 99, 99, 99, 99, 99, 99, 99, 99, 99, 99, 99},
{ 99, 99, 99, 99, 99, 99, 99, 99, 99, 99, 99, 99, 99, 99, 99, 99, 99, 99, 99, 99, 99, 99, 99, 99, 99, 99, 99, 99, 0, 0, 0, 0, 0, 0, 0, 0, 0, 0, 0, 0, 0, 0, 0, 0, 0, 0, 0, 0, 99, 99, 99, 99, 99, 99, 99, 99, 99, 99, 99, 99, 99, 99, 99},
}; 
 
 #pragma endregion 
