[0, 0,0] [0, 0,0] [0, 0,0] [252, 71,25] [252, 71,25] [252, 71,25] [106, 190,48] [106, 190,48] [106, 190,48] [0, 0,0] [106, 190,48] [106, 190,48] [106, 190,48] [106, 190,48] [106, 190,48] [106, 190,48] [106, 190,48] [0, 0,0] [106, 190,48] [106, 190,48] [106, 190,48] [106, 190,48] [106, 190,48] [106, 190,48] [106, 190,48] [0, 0,0] [106, 190,48] [106, 190,48] [106, 190,48] [106, 190,48] [106, 190,48] [106, 190,48] [106, 190,48] [106, 190,48] [0, 0,0] [106, 190,48] [106, 190,48] [106, 190,48] [252, 71,25] [255, 255,255] [255, 255,255] [0, 0,0] [0, 0,0] [0, 0,0] 
[0, 0,0] [0, 0,0] [0, 0,0] [0, 0,0] [106, 190,48] [0, 0,0] [106, 190,48] [106, 190,48] [106, 190,48] [106, 190,48] [106, 190,48] [106, 190,48] [106, 190,48] [106, 190,48] [106, 190,48] [106, 190,48] [106, 190,48] [106, 190,48] [255, 255,255] [255, 255,255] [255, 255,255] [106, 190,48] [106, 190,48] [106, 190,48] [106, 190,48] [106, 190,48] [106, 190,48] [106, 190,48] [106, 190,48] [106, 190,48] [106, 190,48] [106, 190,48] [106, 190,48] [106, 190,48] [106, 190,48] [106, 190,48] [106, 190,48] [255, 255,255] [252, 71,25] [252, 71,25] [255, 255,255] [255, 255,255] [0, 0,0] [0, 0,0] 
[0, 0,0] [0, 0,0] [252, 71,25] [252, 71,25] [252, 71,25] [252, 71,25] [252, 71,25] [252, 71,25] [252, 71,25] [0, 0,0] [106, 190,48] [255, 255,255] [106, 190,48] [106, 190,48] [106, 190,48] [106, 190,48] [106, 190,48] [106, 190,48] [106, 190,48] [106, 190,48] [106, 190,48] [106, 190,48] [106, 190,48] [252, 71,25] [252, 71,25] [252, 71,25] [252, 71,25] [252, 71,25] [252, 71,25] [106, 190,48] [106, 190,48] [106, 190,48] [106, 190,48] [106, 190,48] [106, 190,48] [106, 190,48] [106, 190,48] [255, 255,255] [252, 71,25] [252, 71,25] [252, 71,25] [255, 255,255] [0, 0,0] [0, 0,0] 
[0, 0,0] [252, 71,25] [252, 71,25] [252, 71,25] [252, 71,25] [252, 71,25] [252, 71,25] [252, 71,25] [252, 71,25] [255, 255,255] [252, 71,25] [252, 71,25] [252, 71,25] [252, 71,25] [252, 71,25] [252, 71,25] [252, 71,25] [252, 71,25] [252, 71,25] [252, 71,25] [252, 71,25] [252, 71,25] [252, 71,25] [252, 71,25] [255, 255,255] [255, 255,255] [255, 255,255] [252, 71,25] [252, 71,25] [252, 71,25] [252, 71,25] [252, 71,25] [255, 255,255] [255, 255,255] [252, 71,25] [255, 255,255] [255, 255,255] [255, 255,255] [252, 71,25] [255, 255,255] [252, 71,25] [255, 255,255] [255, 255,255] [0, 0,0] 
[0, 0,0] [252, 71,25] [252, 71,25] [255, 255,255] [255, 255,255] [252, 71,25] [252, 71,25] [252, 71,25] [252, 71,25] [255, 255,255] [252, 71,25] [252, 71,25] [252, 71,25] [252, 71,25] [252, 71,25] [252, 71,25] [255, 255,255] [252, 71,25] [252, 71,25] [252, 71,25] [252, 71,25] [252, 71,25] [252, 71,25] [252, 71,25] [252, 71,25] [252, 71,25] [252, 71,25] [252, 71,25] [252, 71,25] [252, 71,25] [252, 71,25] [252, 71,25] [252, 71,25] [252, 71,25] [252, 71,25] [252, 71,25] [255, 255,255] [252, 71,25] [252, 71,25] [255, 255,255] [252, 71,25] [252, 71,25] [255, 255,255] [0, 0,0] 
[0, 0,0] [252, 71,25] [252, 71,25] [252, 71,25] [252, 71,25] [252, 71,25] [252, 71,25] [252, 71,25] [252, 71,25] [252, 71,25] [252, 71,25] [252, 71,25] [255, 255,255] [255, 255,255] [252, 71,25] [252, 71,25] [252, 71,25] [252, 71,25] [252, 71,25] [252, 71,25] [252, 71,25] [252, 71,25] [252, 71,25] [252, 71,25] [252, 71,25] [252, 71,25] [252, 71,25] [252, 71,25] [252, 71,25] [252, 71,25] [252, 71,25] [252, 71,25] [252, 71,25] [252, 71,25] [252, 71,25] [252, 71,25] [255, 255,255] [252, 71,25] [252, 71,25] [252, 71,25] [252, 71,25] [252, 71,25] [255, 255,255] [0, 0,0] 
[0, 0,0] [252, 71,25] [252, 71,25] [252, 71,25] [252, 71,25] [252, 71,25] [252, 71,25] [252, 71,25] [252, 71,25] [252, 71,25] [252, 71,25] [252, 71,25] [252, 71,25] [252, 71,25] [252, 71,25] [252, 71,25] [252, 71,25] [252, 71,25] [252, 71,25] [255, 255,255] [252, 71,25] [252, 71,25] [252, 71,25] [252, 71,25] [252, 71,25] [252, 71,25] [252, 71,25] [252, 71,25] [255, 255,255] [252, 71,25] [252, 71,25] [252, 71,25] [252, 71,25] [252, 71,25] [252, 71,25] [252, 71,25] [252, 71,25] [255, 255,255] [252, 71,25] [252, 71,25] [252, 71,25] [255, 255,255] [255, 255,255] [0, 0,0] 
[0, 0,0] [0, 0,0] [252, 71,25] [252, 71,25] [255, 255,255] [255, 255,255] [252, 71,25] [252, 71,25] [252, 71,25] [252, 71,25] [252, 71,25] [252, 71,25] [252, 71,25] [252, 71,25] [252, 71,25] [252, 71,25] [252, 71,25] [252, 71,25] [252, 71,25] [252, 71,25] [252, 71,25] [252, 71,25] [252, 71,25] [255, 255,255] [255, 255,255] [252, 71,25] [252, 71,25] [252, 71,25] [252, 71,25] [252, 71,25] [252, 71,25] [252, 71,25] [252, 71,25] [252, 71,25] [252, 71,25] [252, 71,25] [252, 71,25] [255, 255,255] [252, 71,25] [252, 71,25] [252, 71,25] [255, 255,255] [0, 0,0] [0, 0,0] 
[0, 0,0] [0, 0,0] [252, 71,25] [252, 71,25] [252, 71,25] [252, 71,25] [252, 71,25] [252, 71,25] [255, 255,255] [252, 71,25] [252, 71,25] [252, 71,25] [252, 71,25] [252, 71,25] [255, 255,255] [252, 71,25] [252, 71,25] [252, 71,25] [252, 71,25] [252, 71,25] [252, 71,25] [252, 71,25] [252, 71,25] [252, 71,25] [252, 71,25] [252, 71,25] [252, 71,25] [252, 71,25] [252, 71,25] [252, 71,25] [252, 71,25] [252, 71,25] [252, 71,25] [252, 71,25] [255, 255,255] [252, 71,25] [252, 71,25] [255, 255,255] [255, 255,255] [255, 255,255] [255, 255,255] [255, 255,255] [0, 0,0] [0, 0,0] 
[0, 0,0] [0, 0,0] [0, 0,0] [0, 0,0] [252, 71,25] [252, 71,25] [252, 71,25] [252, 71,25] [252, 71,25] [252, 71,25] [252, 71,25] [0, 0,0] [252, 71,25] [252, 71,25] [252, 71,25] [252, 71,25] [0, 0,0] [252, 71,25] [252, 71,25] [252, 71,25] [252, 71,25] [252, 71,25] [252, 71,25] [252, 71,25] [252, 71,25] [252, 71,25] [0, 0,0] [252, 71,25] [252, 71,25] [252, 71,25] [252, 71,25] [252, 71,25] [0, 0,0] [252, 71,25] [252, 71,25] [252, 71,25] [252, 71,25] [252, 71,25] [255, 255,255] [255, 255,255] [255, 255,255] [0, 0,0] [0, 0,0] [0, 0,0] 
